23 38.94166666666667 209
19 70.95833333333333 23
19 79.61666666666666 23
19 103.50833333333334 23
19 127.45833333333333 23
19 154.63333333333333 23
19 231.31666666666666 24
19 269.7583333333333 24
19 321.0833333333333 23
19 369.925 23
23 38.94166666666667 209
19 68.65833333333333 23
19 71.73333333333333 23
19 83.375 23
53 60.225 164
19 124.86666666666666 23
19 165.56666666666666 23
19 210.43333333333334 24
24 42.041666666666664 209
53 164.9 55
23 95.16666666666667 779
49 157.29166666666666 52
52 171.75 55
52 183.15833333333333 56
55 193.05833333333334 58
53 191.58333333333334 57
53 196.15833333333333 56
57 205.73333333333332 61
52 189.58333333333334 56
53 188.68333333333334 57
52 188.74166666666667 56
53 188.59166666666667 57
58 203.66666666666666 61
38 81.33333333333333 494
53 168.18333333333334 56
27 92.26666666666667 779
57 179.60833333333332 60
67 214.875 70
